30708 115511
164106 95033
136710 130176
125303 35264
163796 46854
6994 63222
237267 23936
19194 143221
53561 135677
18383 4353
39563 113472
142626 145707
135581 91887
30133 134476
87669 78060
33477 32733
34842 160851
119479 80852
36034 73146
12551 19445
138990 127826
24988 56552
42802 148141
204122 135792
240122 30270
10062 42889
40487 2367
102764 123163
40986 173957
21962 84990
10269 63682
231388 10171
54405 51850
92418 42502
13706 49002
11811 153147
173043 170003
144403 70223
144203 136329
16916 34591
46991 51159
145041 213041
138652 182080
210461 129206
812 19223
146210 50659
54147 28144
107908 140331
147558 59882
898 241963
25974 120947
129687 174910
49237 17001
140837 130568
138222 15199
32269 142021
173161 46729
2179 115980
34591 19536
142484 992
148878 124147
26907 98740
62055 37123
196477 66592
21317 39318
63303 14939
118163 13136
21700 147629
76413 60217
151844 112114
142169 41700
29163 198339
38140 22892
22437 163958
45720 42033
54534 46566
26518 4314
90734 89010
64253 9860
34318 15758
1662 59665
58043 20450
226566 120096
100001 76989
54503 22358
20303 19028
57140 37962
16516 225944
90086 36636
21122 61533
133631 148505
30211 145132
38970 58648
31088 31673
136759 55516
32873 33791
102642 171917
95534 161533
41571 125040
113443 121244
145997 131920
130639 2865
194204 92433
21754 58147
71848 126202
53652 41657
14559 35966
24488 181729
21491 4248
148547 79836
195469 43279
138624 199512
57313 71888
224331 212282
9854 59506
63214 185657
688 9406
29487 125370
111822 95744
5445 9035
185379 53061
144253 34591
114800 142864
69202 180677
20018 68761
54734 8963
80043 40393
24336 28866
99252 22316
2669 43785
6260 49195
37275 7571
92535 81086
25455 131771
139021 116130
101001 173391
18217 49092
184886 15534
132429 133818
131139 121142
220550 22536
127052 133466
103396 34382
88801 26585
31232 145113
48194 73404
142476 39508
121278 18506
13010 14025
63131 49674
93078 88300
8137 141082
128642 154903
63864 55500
162754 176226
54828 198648
149118 149546
10868 176449
86372 56084
79652 80661
61086 17125
701 55689
46083 19417
11890 71328
58113 72749
140283 137707
21370 127188
25105 115254
69859 50241
139918 50843
250 195984
95914 10564
33410 55290
75929 87462
54250 148174
95328 25823
58754 48607
180741 92774
52892 61086
170965 14551
59186 148859
56459 98462
122658 210475
144688 41327
116929 88501
40343 201192
35535 56708
9480 9225
99668 137724
228851 91107
91825 143107
140740 24016
13804 32854
77358 169999
117102 25102
52684 31641
104010 40558
76942 28952
180056 14103
2372 76307
131402 55400
137073 10457
62986 227431
139800 95341
140852 55275
86785 83789
69271 3175
141325 13486
3620 177424
43556 23227
50130 133678
3428 45094
31015 34619
10254 3
144726 147268
75147 52165
171556 20152
47639 14772
144717 115102
21935 179226
26989 14335
4440 132033
4450 41578
30641 183238
10986 109426
19621 1601
34514 62068
194365 44991
62725 146105
198189 15982
35497 22437
96398 30326
26554 146363
144692 37806
66481 173590
24031 25582
16047 8283
121625 101689
17428 3516
146954 16193
186358 44215
135136 83914
47312 12360
63256 144390
35645 6251
852 21477
18529 73809
121456 149635
69328 129345
207998 241555
1390 47765
49904 62061
31134 163566
194702 69654
63298 210115
96847 147623
159217 33059
84059 91261
63993 37221
90866 53329
124895 380
57808 111620
235601 132309
32635 55516
202029 46131
146941 121462
55698 121304
138658 218592
17366 51089
118511 112266
54504 10262
130399 174945
13680 55702
33930 56441
12035 235841
85995 42565
33285 206334
93856 125843
44981 77158
55345 87949
141734 10102
31794 4554
62049 2341
164115 159141
55751 12506
131812 78077
141361 30606
19659 2907
80481 70294
22377 48797
206184 25349
233246 109261
55411 128445
54615 23584
13312 123780
13622 214852
42450 148964
101402 61494
178915 128834
105661 134926
147456 239327
54590 128053
36800 65201
115279 23105
22565 48501
31907 26068
2970 51248
146722 1757
38921 85608
48112 139943
181498 186607
121459 20053
32654 134399
177754 13509
141797 22620
29904 141863
2858 143401
196939 12015
50782 16021
129794 31673
61523 131034
142974 133522
79470 167017
171787 56855
21400 58545
87954 168565
57034 48054
81613 87119
154134 98045
20657 60894
110248 38352
98123 19225
208338 63460
74804 214729
51785 58725
145937 35199
31881 121516
222712 64758
48614 237023
236520 141075
212489 304
52842 152982
57784 71127
21909 67139
67688 227240
222108 235554
194021 209421
182447 219738
129617 204373
219873 146488
24702 204151
225810 71742
22653 184022
40193 218578
114416 204803
227808 5787
136096 117561
109805 198160
141960 227046
82496 120067
204791 217358
90389 110575
84750 142915
59509 18705
85690 171792
241960 10155
114670 35825
221121 141885
71095 200711
118339 2992
68821 48633
208308 17449
200070 144930
16996 159919
33384 113102
82941 214881
101931 45096
230788 220279
68155 233485
80622 14190
126054 81614
49269 53119
23740 243114
10053 165190
103596 73551
186914 46722
60313 120096
39425 178445
105954 172100
124577 204865
15702 36747
209043 42429
234558 150616
123797 214944
204541 196101
224175 102716
147322 106576
80027 56418
146310 30599
210387 147062
10089 203629
208260 218531
46451 196655
218389 208371
229742 147676
122482 71120
74935 194270
36330 221376
150093 87674
116662 123038
100809 88323
190998 206444
179792 169160
215247 6379
145059 108985
92982 204484
7022 198168
67644 163402
115709 21557
142014 202977
21110 150791
1584 206226
240682 139595
212685 115970
136003 204962
236146 136799
116689 68126
121388 235554
17269 15318
186914 17089
117671 45997
231950 98155
102023 70999
53016 141651
86236 233282
220270 172074
14649 16490
132773 208557
23940 223143
63393 187924
181548 89009
193738 208819
47939 138238
214264 58336
90848 59619
83034 84653
241035 195853
90963 50690
105016 12424
170318 76056
188974 94498
241062 74134
23459 113287
49381 47865
226062 192870
45283 21135
75843 56380
118682 114895
228064 92994
240940 91239
94644 208165
90963 49948
34982 31679
113113 87580
233485 61710
99365 22913
16537 204890
223500 87392
237232 2605
174617 2524
24251 41375
144965 213943
5620 48917
194711 48670
203440 19079
194610 229742
198155 26358
70512 149769
51135 19266
183035 89562
106540 891
137404 202915
236809 208165
146844 56589
167800 199948
218544 37172
65228 114305
218938 20982
69600 205965
214428 120337
216746 203084
235 59372
81933 31695
213017 55913
147235 108229
236697 113917
98078 225983
202682 71176
22756 163441
121373 69877
89812 185603
32745 229059
44894 229120
192300 10867
24465 87585
53351 39365
181629 224147
122895 204373
153822 241183
107119 188896
152465 139278
208165 5600
87873 122166
181275 48820
81847 222163
146818 86564
231581 20671
53300 140808
237933 147795
37786 235047
146192 78961
50078 11962
137409 228739
43952 13894
112672 47939
63079 9867
175979 214261
189421 97941
56380 114762
147906 112662
100618 45786
219399 6180
187452 209414
95182 61716
11962 101168
114179 86771
162576 31382
129320 64832
71307 104523
67628 132726
20527 232958
3170 58821
143671 137959
11846 216708
232351 91239
112190 84750
201763 94774
210281 178064
218643 43892
110805 66357
50780 49783
71392 237023
75347 64028
197732 20105
79159 196775
59749 222508
63901 107612
83795 197464
212517 206726
120722 221301
63685 45383
93218 100268
231950 103117
122779 54731
197684 196173
210640 112756
114275 8391
240784 131448
5546 26544
54241 36789
29206 126237
152393 69052
91825 196886
233485 79625
139230 59593
171783 45689
94774 237108
49295 153514
157348 107612
55811 110805
13457 82037
355 240531
85660 68126
25469 23746
26458 55463
89399 19496
39321 82174
194036 212868
236165 134727
220270 17670
85556 202915
173868 105227
152255 42484
90597 218427
123437 105529
113769 219001
47459 171708
87436 26494
36196 227897
243426 177609
6216 226172
230172 68837
209298 146588
233852 27019
67283 112478
225116 28343
43025 87485
72392 99845
128740 240059
225116 66265
25073 67440
32176 203106
202122 102193
66522 203824
26167 85155
21433 98746
235574 101834
8021 6728
50558 1532
34497 171956
130787 385
121952 24514
52215 15302
83100 201633
211619 22046
173159 232555
48442 54730
199549 80218
202977 89134
222231 69942
87357 40694
242073 106879
25857 201590
